p1=[...
0.058614714	0.122484674	0.078395028	0.15194022	0.08130372	0.059302085
0.058614714	0.120960983	0.067106465	0.091514958	0.08130372	0.059302085
0.058614714	0.013249642	0.067106465	0.056911961	0.08130372	0.059302085
0.026472837	0.013249642	0.067106465	0.056911961	0.08130372	0.059302085
0.026472837	0.013249642	0.067106465	0.056911961	0.08130372	0.059302085
0.026472837	0.013249642	0.067106465	0.056911961	0.08130372	0.057159292
0.026472837	0.013249642	0.067106465	0.056911961	0.035389947	0.057159292
0.02380356	0.013249642	0.067106465	0.056911961	0.035389947	0.057159292
0.02380356	0.013249642	0.067106465	0.025124538	0.035389947	0.057159292
0.02380356	0.013249642	0.067106465	0.025124538	0.035389947	0.053291235
0.02380356	0.013249642	0.067106465	0.025124538	0.035389947	0.052926398
0.02380356	0.013249642	0.067106465	0.025124538	0.035389947	0.052926398
0.02380356	0.013249642	0.067106465	0.025124538	0.035389947	0.052926398
0.02380356	0.013249642	0.056696935	0.025124538	0.035389947	0.052926398
0.02380356	0.013249642	0.03259894	0.025124538	0.035389947	0.052926398
0.02380356	0.013249642	0.03259894	0.025124538	0.035389947	0.052926398
0.02380356	0.013249642	0.03259894	0.025124538	0.035389947	0.052926398
0.02380356	0.013249642	0.03259894	0.025124538	0.035389947	0.052926398
0.02380356	0.013249642	0.03259894	0.025124538	0.035389947	0.052906082
0.02380356	0.013249642	0.03259894	0.025124538	0.035389947	0.052906082
0.02380356	0.013249642	0.03259894	0.025124538	0.035389947	0.052906082
0.02380356	0.013249642	0.03259894	0.025124538	0.035389947	0.052906082
0.02380356	0.013249642	0.03259894	0.025124538	0.035389947	0.052906082
0.02380356	0.013249642	0.028059565	0.025124538	0.035389947	0.052906082
0.02380356	0.013249642	0.015186398	0.025124538	0.035389947	0.052906082
0.02380356	0.013249642	0.015186398	0.025124538	0.035389947	0.052906082
0.02380356	0.013249642	0.015186398	0.025124538	0.035389947	0.052906082
0.02380356	0.013249642	0.015186398	0.025124538	0.035389947	0.052906082
0.02380356	0.013249642	0.015186398	0.025124538	0.035389947	0.049261665
0.02380356	0.013249642	0.015186398	0.025124538	0.035389947	0.049261665
0.02380356	0.013249642	0.015186398	0.025124538	0.035389947	0.049261665
0.02380356	0.013249642	0.015186398	0.025124538	0.035389947	0.049261665
0.02380356	0.011866399	0.015186398	0.025124538	0.035389947	0.049261665
0.02380356	0.011866399	0.015186398	0.02293851	0.035389947	0.049261665
0.02380356	0.011866399	0.015186398	0.02293851	0.035389947	0.049261665
0.02380356	0.011866399	0.015186398	0.02293851	0.035389947	0.049261665
0.02380356	0.011866399	0.015186398	0.02293851	0.035389947	0.049261665
0.02380356	0.011866399	0.015186398	0.02293851	0.035389947	0.049261665
0.02380356	0.011866399	0.015186398	0.02293851	0.035389947	0.049261665
0.02380356	0.011866399	0.015186398	0.02293851	0.035389947	0.046640459
0.02380356	0.011866399	0.015186398	0.02293851	0.035389947	0.046640459
0.02380356	0.011866399	0.015186398	0.02293851	0.035389947	0.046640459
0.02380356	0.011866399	0.015186398	0.02293851	0.035389947	0.046640459
0.02380356	0.011866399	0.015186398	0.02293851	0.029819964	0.046640459
0.02380356	0.011866399	0.015186398	0.02293851	0.029819964	0.046640459
0.02380356	0.011866399	0.015186398	0.02293851	0.029819964	0.046640459
0.02380356	0.011866399	0.015186398	0.02293851	0.029819964	0.046640459
0.02380356	0.011866399	0.015186398	0.02293851	0.029819964	0.046640459
0.02380356	0.011866399	0.015186398	0.02293851	0.029819964	0.042700675
0.02380356	0.011866399	0.015186398	0.02293851	0.029819964	0.038132334
0.02380356	0.011866399	0.013209384	0.02293851	0.029819964	0.038132334
0.02380356	0.011866399	0.013209384	0.02293851	0.029819964	0.038132334
0.02380356	0.011866399	0.013209384	0.02293851	0.029819964	0.038132334
0.02380356	0.011866399	0.013209384	0.02293851	0.029819964	0.038132334
0.02380356	0.011866399	0.012803149	0.02293851	0.029819964	0.033465144
0.02380356	0.011866399	0.012803149	0.02293851	0.029819964	0.033465144
0.02380356	0.011866399	0.012803149	0.02293851	0.029819964	0.033465144
0.02380356	0.011866399	0.012803149	0.018400894	0.029819964	0.033465144
0.02380356	0.011866399	0.012803149	0.018400894	0.02955521	0.033465144
0.021932643	0.011866399	0.012803149	0.018400894	0.02955521	0.033465144
0.017929221	0.011866399	0.012803149	0.018400894	0.02955521	0.033465144
0.017929221	0.011866399	0.012803149	0.018400894	0.029385866	0.033465144
0.017929221	0.011866399	0.012803149	0.018400894	0.027304494	0.033465144
0.017929221	0.011866399	0.012803149	0.013366875	0.027096354	0.033465144
0.017929221	0.011866399	0.012803149	0.013366875	0.027096354	0.033465144
0.017929221	0.004977217	0.012803149	0.013366875	0.027096354	0.033465144
0.017929221	0.004977217	0.012803149	0.012502855	0.025215343	0.033465144
0.017929221	0.004977217	0.012803149	0.012502855	0.025215343	0.033465144
0.017929221	0.004977217	0.012803149	0.012502855	0.023180277	0.033465144
0.017929221	0.004977217	0.012803149	0.012502855	0.022644826	0.033465144
0.017929221	0.004977217	0.012803149	0.012126147	0.022644826	0.033465144
0.017929221	0.004977217	0.012803149	0.012126147	0.022644826	0.026885716
0.015506775	0.004977217	0.010239998	0.012126147	0.022644826	0.026885716
0.015506775	0.004977217	0.009998719	0.012126147	0.018969707	0.026885716
0.015506775	0.004977217	0.009998719	0.012126147	0.018969707	0.026885716
0.009312803	0.004977217	0.009998719	0.011884518	0.018969707	0.026885716
0.009312803	0.004333748	0.009998719	0.011884518	0.018969707	0.026885716
0.009312803	0.004333748	0.009998719	0.011884518	0.018969707	0.026885716
0.009312803	0.004333748	0.009998719	0.011884518	0.018969707	0.026559551
0.009312803	0.004333748	0.008434439	0.011884518	0.018969707	0.026559551
0.009312803	0.004333748	0.008434439	0.011884518	0.018969707	0.026559551
0.009312803	0.004333748	0.008434439	0.011884518	0.018969707	0.025267538
0.009312803	0.004333748	0.008434439	0.011884518	0.018443777	0.025267538
0.006798121	0.004333748	0.008434439	0.010952535	0.018443777	0.025267538
0.006798121	0.004333748	0.007866753	0.009605466	0.017026511	0.023799818
0.006798121	0.004333748	0.007866753	0.009605466	0.014115951	0.022863211
0.006798121	0.004333748	0.007866753	0.009605466	0.013747897	0.022863211
0.006798121	0.004333748	0.007866753	0.009605466	0.013747897	0.022863211
0.006798121	0.004333748	0.007866753	0.009605466	0.012257199	0.022863211
0.006798121	0.004333748	0.007172131	0.008581987	0.012257199	0.022863211
0.006798121	0.004333748	0.007172131	0.00857739	0.011716	0.019165702
0.006764601	0.004333748	0.007172131	0.00857739	0.011716	0.019165702
0.006764601	0.004333748	0.007172131	0.008033543	0.011380792	0.019165702
0.006764601	0.004333748	0.007172131	0.008033543	0.011380792	0.019165702
0.006764601	0.004333748	0.007172131	0.008033543	0.009875613	0.01852899
0.006764601	0.004333748	0.007172131	0.006301403	0.009875613	0.01852899
0.005427979	0.004333748	0.006412299	0.006301403	0.009875613	0.017781983
0.005176995	0.004333748	0.006412299	0.006301403	0.009875613	0.017781983
0.005176995	0.004333748	0.006412299	0.004197551	0.009875613	0.017781983
0.005176995	0.004333748	0.006412299	0.004197551	0.009875613	0.017781983
0.005176995	0.004333748	0.006412299	0.004197551	0.00879303	0.016135285
0.005176995	0.004333748	0.006412299	0.004197551	0.00879303	0.015977944
0.004882284	0.004333748	0.006026809	0.004197551	0.006344376	0.015977944
0.004882284	0.004333748	0.005012543	0.004197551	0.006344376	0.015638176
0.004882284	0.004333748	0.003798368	0.00359458	0.006344376	0.014324998
0.004866081	0.002253347	0.003798368	0.00359458	0.006344376	0.014324998
0.004866081	0.002253347	0.003798368	0.00359458	0.005584452	0.014324998
0.004866081	0.002253347	0.003798368	0.00359458	0.005584452	0.014324998
0.004866081	0.002253347	0.003798368	0.00359458	0.005584452	0.012890567
0.004185984	0.002253347	0.003798368	0.00359458	0.005584452	0.012785734
0.004185984	0.002253347	0.003371251	0.00282439	0.005584452	0.012785734
