p1=[...
0.097352632	0.004999365	0.108698851	0.001999118	1.10E-06	0.097440711	0.019046045	0.000584793	0.046612015	0.039119356	0.294973336	0.022788107	0.034399036	0.080165218	0.038769946	0.021067655	0.012095778
0.097352632	0.002863699	0.060183165	0.001999118	2.52E-07	0.070956784	0.018424073	0.000584793	0.046612015	0.039119356	0.294973336	0.022788107	0.034399036	0.080165218	0.038769946	0.020432069	0.012095778
0.053395345	0.001932597	0.047807897	0.001999118	6.60E-12	0.040390392	0.007999242	0.000584793	0.040892912	0.039119356	0.187780589	0.022788107	0.034399036	0.075299236	0.038769946	0.013270288	0.012095778
0.053395345	0.00186767	0.047807897	0.001999118	6.60E-12	0.024689819	0.007721285	0.000584793	0.023679456	0.039119356	0.187780589	0.022788107	0.034399036	0.075299236	0.038769946	0.013270288	0.012095778
0.053395345	0.001669792	0.047807897	0.001999118	6.60E-12	0.024689819	0.007721285	0.000584793	0.023679456	0.039119356	0.187780589	0.022788107	0.034399036	0.059206878	0.026958478	0.013116101	0.012095778
0.053395345	0.001575995	0.047807897	0.001999118	6.60E-12	0.024689819	0.007721285	0.000584793	0.023679456	0.039119356	0.105821735	0.022788107	0.034399036	0.059206878	0.026958478	0.002609878	0.010780472
0.053395345	0.001337652	0.047807897	0.001999118	6.60E-12	0.024689819	0.007721285	0.000584793	0.023679456	0.036672324	0.105821735	0.022788107	0.030547765	0.059206878	0.026958478	0.002102897	0.010780472
0.053395345	0.001091988	0.047807897	0.001999118	6.60E-12	0.024689819	0.007721285	0.000584793	0.023679456	0.036672324	0.105821735	0.022788107	0.016156667	0.059206878	0.026958478	0.002102897	0.010780472
0.053395345	0.000937187	0.047807897	0.001999118	6.60E-12	0.024689819	0.007721285	0.000584793	0.023679456	0.036672324	0.105821735	0.022788107	0.016156667	0.059206878	0.026958478	0.002102897	0.008089804
0.042876918	0.000881935	0.047807897	0.001999118	6.60E-12	0.024689819	0.007088596	0.000584793	0.023679456	0.036672324	0.056974693	0.022788107	0.016156667	0.059206878	0.015756903	0.002102897	0.008089804
0.042876918	0.000842344	0.047807897	0.001999118	6.60E-12	0.024689819	0.007088596	0.000584793	0.023679456	0.036672324	0.056974693	0.016655008	0.016156667	0.059206878	0.015756903	0.002102897	0.008089804
0.042876918	0.000818531	0.047807897	0.001999118	6.60E-12	0.024689819	0.007088596	0.000584793	0.023679456	0.026433805	0.056974693	0.016655008	0.016156667	0.059206878	0.015756903	0.002102897	0.008089804
0.042876918	0.000817266	0.047807897	0.001999118	6.60E-12	0.024648119	0.006354171	0.000584793	0.023679456	0.026433805	0.056974693	0.016655008	0.016156667	0.048764705	0.015756903	0.002102897	0.007862052
0.042876918	0.000817266	0.034755065	0.001999118	6.60E-12	0.024648119	0.006354171	0.000475472	0.023679456	0.026433805	0.056974693	0.013837224	0.016156667	0.036889099	0.00748859	0.002102897	0.007862052
0.042876918	0.000817266	0.034755065	0.001446249	6.60E-12	0.024648119	0.006354171	0.000475472	0.023679456	0.026433805	0.056974693	0.013837224	0.016156667	0.036889099	0.00748859	0.002102897	0.007862052
0.039664432	0.000817266	0.034755065	0.001446249	6.60E-12	0.024648119	0.006354171	0.000475472	0.023679456	0.026433805	0.056974693	0.013837224	0.016156667	0.036889099	0.00748859	0.002102897	0.007862052
0.039664432	0.000817266	0.034755065	0.001030197	6.60E-12	0.024648119	0.005271426	0.000475472	0.023679456	0.026433805	0.056974693	0.013837224	0.012764201	0.036889099	0.00748859	0.002102897	0.007862052
0.039664432	0.000817266	0.034755065	0.001030197	6.60E-12	0.024648119	0.005271426	0.000475472	0.023679456	0.026433805	0.056974693	0.013837224	0.012764201	0.028308127	0.00748859	0.002102897	0.007862052
0.039664432	0.000817266	0.034755065	0.001030197	4.19E-12	0.024648119	0.004048674	0.000475472	0.023679456	0.026433805	0.056974693	0.013837224	0.012764201	0.028308127	0.00748859	0.002102897	0.007862052
0.039123286	0.000817266	0.034755065	0.001030197	4.19E-12	0.024648119	0.004048674	9.01E-05	0.017792694	0.026433805	0.056974693	0.013837224	0.012764201	0.028308127	0.006822623	0.002102897	0.007862052
0.039123286	0.000817266	0.034755065	0.001030197	4.19E-12	0.024648119	0.004048674	9.01E-05	0.017792694	0.026433805	0.056974693	0.013837224	0.012764201	0.028308127	0.006822623	0.002102897	0.007862052
0.038163124	0.000817266	0.034755065	0.001030197	4.19E-12	0.024648119	0.004048674	9.01E-05	0.017792694	0.026433805	0.056974693	0.013837224	0.012764201	0.028308127	0.006822623	0.002102897	0.007862052
0.038163124	0.000817266	0.034755065	0.001030197	4.19E-12	0.024648119	0.004048674	9.01E-05	0.017792694	0.026433805	0.056974693	0.013837224	0.012764201	0.028308127	0.004956785	0.002102897	0.007862052
0.018482756	0.000817266	0.019214641	0.001030197	4.19E-12	0.024648119	0.003853335	9.01E-05	0.017792694	0.024020584	0.056974693	0.013837224	0.005673175	0.028308127	0.004956785	0.001733881	0.007862052
0.018482756	0.000817266	0.019214641	0.000754654	4.19E-12	0.024648119	0.003853335	9.01E-05	0.017792694	0.024020584	0.014154957	0.013837224	0.005673175	0.028308127	0.004653047	0.001733881	0.007862052
0.018482756	0.000817266	0.019214641	0.000754654	1.03E-12	0.024648119	0.003853335	9.01E-05	0.017792694	0.023662271	0.014154957	0.013837224	0.005673175	0.028308127	0.004653047	0.001733881	0.007862052
0.018482756	0.000817266	0.019214641	0.000754654	1.03E-12	0.021036336	0.003853335	9.01E-05	0.017792694	0.023662271	0.014154957	0.013837224	0.005673175	0.028308127	0.004653047	0.001733881	0.007862052
0.018482756	0.000817266	0.019214641	0.000595937	1.03E-12	0.013269677	0.003853335	9.01E-05	0.017792694	0.0113632	0.014154957	0.013837224	0.005673175	0.028308127	0.004653047	0.000747847	0.007862052
0.018482756	0.000817266	0.019214641	0.000595937	1.03E-12	0.013269677	0.003853335	9.01E-05	0.017792694	0.0113632	0.014154957	0.013837224	0.005673175	0.028308127	0.003231908	0.000747847	0.007862052
0.018482756	0.000817266	0.019214641	0.000495238	1.03E-12	0.013269677	0.003853335	9.01E-05	0.017792694	0.0113632	0.014154957	0.013837224	0.005673175	0.028308127	0.003231908	0.000747847	0.007738953
0.018482756	0.000817266	0.019214641	0.000495238	1.03E-12	0.013269677	0.003853335	9.01E-05	0.017792694	0.0113632	0.014154957	0.013837224	0.004956819	0.028308127	0.003231908	0.000747847	0.007738953
0.017031129	0.000817266	0.019214641	0.000417974	1.03E-12	0.013269677	0.003853335	9.01E-05	0.017792694	0.0113632	0.014154957	0.013837224	0.004288127	0.028308127	0.003231908	0.000747847	0.00542464
0.017031129	0.000817266	0.019214641	0.000417974	1.03E-12	0.013269677	0.003853335	9.01E-05	0.017792694	0.0113632	0.004058472	0.013837224	0.004288127	0.028308127	0.003231908	0.000747847	0.00542464
0.017031129	0.000817266	0.019214641	0.000417974	5.27E-15	0.01314074	0.003853335	9.01E-05	0.017792694	0.0113632	0.004058472	0.013837224	0.002737545	0.028308127	0.003231908	0.0004919	0.00542464
0.017031129	0.000817266	0.019214641	0.000417974	5.27E-15	0.01314074	0.003853335	9.01E-05	0.017792694	0.0113632	0.004058472	0.013837224	0.002737545	0.028308127	0.003186052	0.0004919	0.005204495
0.017031129	0.000817266	0.014207613	0.000417974	5.27E-15	0.01314074	0.003853335	9.01E-05	0.017792694	0.0113632	0.004058472	0.013837224	0.002737545	0.028308127	0.003186052	0.0004919	0.005204495
0.016604409	0.000817266	0.014207613	0.000411277	5.27E-15	0.01314074	0.003853335	4.17E-05	0.017792694	0.0113632	0.004058472	0.013837224	0.002737545	0.028308127	0.003186052	0.0004919	0.005204495
0.016604409	0.000817266	0.014207613	0.000411277	5.27E-15	0.01314074	0.003853335	4.17E-05	0.017792694	0.0113632	0.004058472	0.013837224	0.002737545	0.028308127	0.003186052	0.0004919	0.005204495
0.016604409	0.000817266	0.014207613	0.000302242	5.27E-15	0.01314074	0.003853335	4.17E-05	0.017792694	0.0113632	0.004058472	0.013837224	0.002737545	0.028308127	0.003186052	0.0004919	0.005204495
0.016604409	0.000817266	0.014207613	0.000302242	5.27E-15	0.01314074	0.003853335	4.17E-05	0.017792694	0.0113632	0.004058472	0.013837224	0.002737545	0.028308127	0.003186052	0.0004919	0.005204495
