p1=[...
0.029746857	2.79E-05	0.085762837	0.126015523	0.001044695	0.23320693	0.024644751	0.072289137	0.00762337	0.005906806	0.104977013	0.100037059	0.076716018	0.027562945
0.029746857	7.71E-11	0.085762837	0.126015523	0.001044695	0.233206929	0.024644751	0.072289137	0.004996308	0.005906806	0.104977013	0.022714133	0.076716018	0.027562945
0.023306046	1.87E-11	0.070796393	0.126015523	0.000288352	0.233206929	0.01029399	0.072289137	0.004094062	0.005906806	0.093705254	0.022714133	0.076716018	0.011376625
0.013404274	1.87E-11	0.070796393	0.126015523	0.000288352	0.227309998	0.006085422	0.063162295	0.003162895	0.005906806	0.087555101	0.022394551	0.076716018	0.011376625
0.013404274	1.87E-11	0.065967965	0.034384228	0.000288352	0.227309998	0.006085422	0.063162295	0.002391564	0.003781196	0.071229654	0.012324899	0.039593136	0.011376625
0.013404274	1.87E-11	0.036913686	0.034384228	0.000288352	0.227309998	0.006085422	0.054766779	0.002391564	0.003781196	0.070786842	0.012267217	0.039593136	0.011376625
0.011629767	1.87E-11	0.036913686	0.034384228	0.000288352	0.225582888	0.006085422	0.053128561	0.002391564	0.003781196	0.070786842	0.010404714	0.028504133	0.007883855
0.011629767	1.87E-11	0.027936283	0.034384228	0.000288352	0.225582888	0.006085422	0.053128561	0.002391564	0.003781196	0.070786842	0.003398401	0.028504133	0.007883855
0.011629767	1.87E-11	0.027936283	0.034384228	0.000288352	0.225582888	0.006085422	0.053128561	0.002391564	0.003377699	0.070786842	0.003398401	0.028504133	0.007479496
0.007286491	1.87E-11	0.027936283	0.03215802	0.000288352	0.225582888	0.006085422	0.044978592	0.002391564	0.003377699	0.057985393	0.003398401	0.028504133	0.007479496
0.007286491	1.87E-11	0.027936283	0.03215802	0.000250621	0.225582888	0.006085422	0.0323887	0.002391564	0.003377699	0.057985393	0.003397384	0.028504133	0.007479496
0.007286491	1.87E-11	0.027936283	0.03215802	0.000150216	0.223545632	0.006085422	0.024024814	0.002391564	0.002977941	0.057985393	0.003396934	0.028504133	0.007479496
0.007286491	8.27E-12	0.027936283	0.03215802	0.000150216	0.223545632	0.004689124	0.024024814	0.002391564	0.002977941	0.051031062	0.003396934	0.028504133	0.007479496
0.004148771	8.27E-12	0.027936283	0.03215802	0.000150216	0.223306476	0.004689124	0.024024814	0.002391564	0.002977941	0.051031062	0.003396934	0.028504133	0.007479496
0.004148771	8.27E-12	0.027936283	0.03215802	0.000150216	0.223306476	0.004689124	0.024024814	0.002391564	0.002527587	0.036760444	0.003395215	0.028504133	0.007479496
0.004148771	8.27E-12	0.027936283	0.03215802	0.000150216	0.223306476	0.004689124	0.023642729	0.002391564	0.002527587	0.036760444	0.003394512	0.028504133	0.007479496
0.004148771	8.27E-12	0.027936283	0.03215802	0.000150216	0.223306476	0.004689124	0.023642729	0.002391564	0.002527587	0.036760444	0.003187383	0.028504133	0.007479496
0.004148771	8.27E-12	0.027936283	0.03215802	0.000150216	0.223306476	0.004510479	0.023642729	0.002391564	0.002527587	0.036760444	0.003186591	0.028504133	0.007479496
0.004148771	8.27E-12	0.027936283	0.03215802	0.000150216	0.222956108	0.004510479	0.023642729	0.002391564	0.001602781	0.036760444	0.003186591	0.028504133	0.007479496
0.004148771	8.27E-12	0.027936283	0.03215802	0.000150216	0.222956108	0.004510479	0.023642729	0.002391564	0.001602781	0.036760444	0.003186591	0.028504133	0.007149826
0.004148771	8.27E-12	0.027936283	0.03215802	0.000150216	0.222956108	0.002736934	0.023642729	0.002391564	0.001602781	0.036760444	0.003186591	0.028504133	0.007149826
0.004148771	8.27E-12	0.027936283	0.03215802	0.000150216	0.216940729	0.002736934	0.01627432	0.002391564	0.001602781	0.036760444	0.003186591	0.028504133	0.007149826
0.004148771	8.27E-12	0.027936283	0.03215802	0.000150216	0.216940729	0.002736934	0.01627432	0.002391564	0.001602781	0.036760444	0.003181563	0.028504133	0.007149826
0.004148771	8.27E-12	0.027936283	0.03215802	0.000150216	0.216940729	0.002736934	0.01627432	0.002391564	0.001602781	0.036760444	0.003181563	0.028504133	0.007149826
0.004148771	8.27E-12	0.027936283	0.03215802	0.000150216	0.216940729	0.002736934	0.01627432	0.002391564	0.001602781	0.036760444	0.003179023	0.028504133	0.007149826
0.004148771	8.27E-12	0.027936283	0.03215802	0.000150216	0.216940729	0.002160369	0.011285399	0.002391564	0.001602781	0.036760444	0.003177633	0.028504133	0.007149826
0.004148771	8.27E-12	0.027936283	0.03215802	9.30E-05	0.216940729	0.002160369	0.0074804	0.002391564	0.001602781	0.036760444	0.003177633	0.028504133	0.007149826
0.004148771	8.27E-12	0.027936283	0.03215802	9.30E-05	0.216940729	0.002160369	0.0074804	0.002391564	0.001602781	0.036760444	0.003174606	0.028504133	0.007149826
0.004148771	8.27E-12	0.027936283	0.028545277	9.30E-05	0.216940729	0.002160369	0.0074804	0.002391564	0.001602781	0.036760444	0.003174606	0.028504133	0.007149826
0.004148771	8.27E-12	0.027936283	0.028545277	9.30E-05	0.216940729	0.002160369	0.0074804	0.002391564	0.00045421	0.036760444	0.003174606	0.028504133	0.006925636
0.004148771	8.27E-12	0.027936283	0.028545277	9.30E-05	0.216940729	0.00187575	0.0074804	0.002391564	0.00045421	0.036760444	0.003174606	0.028504133	0.006925636
0.004148771	8.27E-12	0.027936283	0.023493721	9.30E-05	0.216940729	0.00187575	0.0074804	0.002391564	0.00045421	0.036760444	0.00316065	0.028504133	0.005347673
0.004148771	8.27E-12	0.024762194	0.023493721	2.91E-05	0.216940729	0.00187575	0.0074804	0.002391564	0.00045421	0.036760444	0.00316065	0.028504133	0.002715802
0.004148771	8.27E-12	0.024762194	0.023493721	2.91E-05	0.216940729	0.00187575	0.0074804	0.002391564	0.00045421	0.036760444	0.00316065	0.028504133	0.002715802
0.004148771	8.27E-12	0.024762194	0.023493721	2.83E-05	0.216940729	0.001472825	0.004917645	0.002391564	0.00045421	0.036760444	0.003154411	0.028504133	0.002715802
0.004148404	8.27E-12	0.024762194	0.023493721	2.83E-05	0.216940729	0.001472825	0.004917645	0.002391564	0.00045421	0.036760444	0.003154411	0.028504133	0.002715802
0.004148404	8.27E-12	0.024762194	0.023493721	2.83E-05	0.216940729	0.001472825	0.004917645	0.002391564	0.00045421	0.036760444	0.003154411	0.028504133	0.002715802
0.004148404	8.27E-12	0.021299767	0.023493721	2.83E-05	0.216940729	0.001472825	0.004917645	0.002391564	0.00045421	0.036760444	0.002875178	0.028504133	0.002715802
0.004148404	4.06E-14	0.021299767	0.023493721	2.83E-05	0.213445494	0.001221898	0.004324701	0.002391564	0.00045421	0.036760444	0.002875178	0.028504133	0.002715802
0.004148404	4.06E-14	0.021299767	0.023493721	2.83E-05	0.213445494	0.001221898	0.004324701	0.002391564	0.00045421	0.036760444	0.002853681	0.028504133	0.002715802
0.004148404	4.06E-14	0.021299767	0.023493721	2.83E-05	0.213445494	0.001221898	0.004324701	0.002391564	0.00045421	0.036760444	0.002853681	0.028504133	0.002715802
0.004148404	6.00E-16	0.016472681	0.023493721	2.83E-05	0.213445494	0.001221898	0.004324701	0.002391564	0.00045421	0.036760444	0.002853681	0.028504133	0.002715802
0.004148404	6.00E-16	0.007977829	0.023493721	2.83E-05	0.213445494	0.001221898	0.004133405	0.002391564	0.00045421	0.036760444	0.002845918	0.028504133	0.002715802
0.004148404	3.56E-16	0.007977829	0.023493721	2.83E-05	0.213445494	0.001195342	0.004133405	0.002391564	0.00045421	0.036760444	0.002845918	0.028504133	0.002715802
0.004148404	3.56E-16	0.007977829	0.023493721	2.83E-05	0.213445494	0.001195342	0.004133405	0.002391564	0.00045421	0.036760444	0.002845918	0.028504133	0.002715802
0.004148404	3.56E-16	0.007977829	0.023493721	2.83E-05	0.213445494	0.001195342	0.004133405	0.002391564	0.00045421	0.036760444	0.002845918	0.028504133	0.002715802
0.004148404	3.56E-16	0.007977829	0.022860446	2.83E-05	0.213445494	0.001195342	0.004133405	0.002391564	0.00045421	0.036760444	0.002845918	0.028504133	0.002715802
0.004148404	3.56E-16	0.007977829	0.022860446	2.83E-05	0.213445494	0.001195342	0.004133405	0.002391564	0.00045421	0.036760444	0.002831119	0.028504133	0.002715802
